{
    "w": 640,
    "h": 480,
    "fl_x": 621.1355880047673,
    "fl_y": 855.3859764458737,
    "cx": 453.52623541406723,
    "cy": 117.32180388757583,
    "k1": 0.6095040348006443,
    "k2": -0.08880165530721514,
    "p1": -0.30289333459212925,
    "p2": 0.10865964975520079,
    "camera_model": "OPENCV",
    "frames": [
        {
            "file_path": "images/frame_00071.jpeg",
            "transform_matrix": [
                [
                    0.9452129617508994,
                    -0.20326311891362858,
                    0.2554536385092154,
                    8.799311726961742
                ],
                [
                    0.25430151896603465,
                    -0.03222106057993162,
                    -0.9665880925744286,
                    10.942036298489214
                ],
                [
                    0.20470269756322285,
                    0.9785938420737218,
                    0.021234355787997195,
                    1.5473476742879195
                ],
                [
                    0.0,
                    0.0,
                    0.0,
                    1.0
                ]
            ],
            "colmap_im_id": 71
        },
        {
            "file_path": "images/frame_00034.jpeg",
            "transform_matrix": [
                [
                    0.9998222071695558,
                    -0.007714507262630224,
                    0.017205825417365483,
                    1.720536039158637
                ],
                [
                    0.01723898684388008,
                    0.0042528846766052425,
                    -0.9998423527259305,
                    2.4823596487060677
                ],
                [
                    0.007640116700323623,
                    0.9999611989220493,
                    0.004385118833408536,
                    -2.551180419041772
                ],
                [
                    0.0,
                    0.0,
                    0.0,
                    1.0
                ]
            ],
            "colmap_im_id": 34
        },
        {
            "file_path": "images/frame_00023.jpeg",
            "transform_matrix": [
                [
                    0.9999712742687275,
                    0.006547238234656802,
                    0.003818940805551312,
                    -0.653524152090393
                ],
                [
                    0.003819071543395953,
                    -7.4661469329434795e-06,
                    -0.9999927072918097,
                    4.461695201180318
                ],
                [
                    -0.006547161974785723,
                    0.9999785665781817,
                    -3.24703036922248e-05,
                    -2.089721226185645
                ],
                [
                    0.0,
                    0.0,
                    0.0,
                    1.0
                ]
            ],
            "colmap_im_id": 23
        },
        {
            "file_path": "images/frame_00001.jpeg",
            "transform_matrix": [
                [
                    0.9999971095522766,
                    0.002381637964322443,
                    0.0003296781747885059,
                    -1.434842542896408
                ],
                [
                    0.0003306965890624924,
                    -0.0004272297226379733,
                    -0.9999998540572543,
                    4.5749843953271805
                ],
                [
                    -0.0023814967684244845,
                    0.9999970726334007,
                    -0.00042801608730397734,
                    -1.4152002529967842
                ],
                [
                    0.0,
                    0.0,
                    0.0,
                    1.0
                ]
            ],
            "colmap_im_id": 1
        }
    ],
    "applied_transform": [
        [
            1.0,
            0.0,
            0.0,
            0.0
        ],
        [
            0.0,
            0.0,
            1.0,
            0.0
        ],
        [
            -0.0,
            -1.0,
            -0.0,
            -0.0
        ]
    ],
    "ply_file_path": "sparse_pc.ply"
}